61.1315042390893
61.1589906577603
61.1934997093549
61.2320572599781
61.2725078449254
61.3133195590304
61.3534322664442
61.3921398949877
61.4289995002373
61.4637613115152
61.4963151856687
61.5266498585603
61.5548221493004
61.5809338789587
61.6051147460936
61.6275097817351
61.648270307002
61.6675475537298
61.6854882953873
61.702231982594
61.7179089929802
61.7326396955758
61.7465341005949
61.7596919205806
61.7722029116845
61.7841473970102
61.795596899518
61.8066148316176
61.8172572035662
61.827573324162
61.8376064757879
61.8473945522545
61.8569706526038
61.8663636274695
61.8755985770385
61.8846973013659
61.8936787049447
61.902559158161
61.9113528186941
61.9200719161196
61.9287270030195
61.9373280110457
61.9458833225863
61.9544000144811
61.9628840630193
61.9713405164404
61.9797736401453
61.9881870389827
61.9965837602671
62.0049663805949
62.0133370790328
62.0216976988369
62.0300497995175
62.0383947007723
62.0467335195701
62.0550672014605
62.063396547017
62.0717222341754
62.0800448371095
62.0883648421843
62.0966826614433
62.1049986440131
62.1133130857482
62.121626237391
62.1299383114757
62.1382494881702
62.1465599202219
62.1548697371438
62.1631790487595
62.171487948205
62.1797965144711
62.1881048145577
62.1964129052977
62.204720834904
62.2130286442794
62.221336368127
62.2296440358922
62.2379516725599
62.2462592993316
62.2545669341993
62.2628745924314
62.2711831163598
62.279493061621
62.2878047711512
62.2961184320937
62.3044341193385
62.3127518286334
62.3210715015826
62.3293930443593
62.3377163415638
62.3460412663515
62.3543676877097
62.3626954755677
62.3710245042739
62.379354654851
62.3876858163493
62.3960178865416
62.4043507721467
62.4126843887225
62.4210186603375
62.4293535190975
62.4376889045886
62.4460247632779
62.4543610479032
62.4626977168726
62.4710347336884
62.4793720664037
62.487709687119
62.4960475715183
62.504385698448
62.5127240495358
62.5210626088494
62.529401362591
62.5377402988263
62.5460794072446
62.554418678947
62.5627581062605
62.5710976825747
62.5794374021994
62.5877772602398
62.5961172524879
62.6044581989384
62.6128006374272
62.6211448967054
62.6294911526113
62.6378394710243
62.646189840508
62.6545421969366
62.6628964419103
62.6712524563775
62.6796101105741
62.687969271151
62.6963298061641
62.7046915884563
62.7130544978373
62.7214184223753
62.7297832590431
62.7381489139024
62.7465153019641
62.7548823468327
62.76324998021
62.7716181413179
62.7799867762799
62.7883558374929
62.7967252830075
62.8050950759324
62.8134651838688
62.8218355783803
62.8302062344996
62.8385771302711
62.8469482463261
62.8553195654897
62.8636910724123
62.8720627532229
62.8804345951987
62.8888065864444
62.8971787155772
62.9055509714099
62.9139233426263
62.9222958174432
62.9306683832514
62.93904184414
62.9474167219349
62.955793328332
62.9641718201991
62.9725522416931
62.9809345560714
62.9893186694649
62.9977044483959
63.00609173244
63.0144803431258
63.0228700899252
63.0312607739997
63.0396521902137
63.0480441278132
63.0564363700719
63.0648286931376
63.0732208642529
63.0816126394846
63.0900037610584
63.0983939543735
63.1067829247517
63.1151703539591
63.1235558965331
63.1319391759343
63.1403197805431
63.1486972595151
63.1570711185092
63.1654408153009
63.1738057552963
63.1821652869608
63.1905186971805
63.1988652065756
63.2072039647881
63.2155340457674
63.2238544430829
63.2321640652914
63.240461731393
63.2487461664106
63.2570159971283
63.2652697480301
63.2735066497612
63.2817255446909
63.2899249557528
63.2981031389998
63.3062581235425
63.3143877417793
63.3224896522189
63.3305613567131
63.3386002135367
63.3466034474453
63.3545681576006
63.3624913240623
63.3703698133902
63.378200383783
63.3859796900802
63.3937042888799
63.4013706439603
63.4089751321473
63.4165140497274
63.4239836194759
63.431379998342
63.4386992858111
63.4459375329494
63.4530907521167
63.4601549273251
63.4671260252077
63.4740000065537
63.4807728383593
63.487440506336
63.4939990278123
63.500444464963
63.5067729382911
63.5129806402911
63.5190638492138
63.5250189428549
63.5308424122888
63.5365308754651
63.5420810905911
63.5474899692194
63.5527544732525
63.5578726847852
63.5628425983535
63.5676622037036
63.572329551374
63.5768428046276
63.5812002805185
63.5854004822841
63.5894421247809
63.5933241543095
63.5970457638815
63.60060640475
63.6040057948432
63.6072439246017
63.6103210606068
63.6132377473065
63.6159948070769
63.6185933388071
63.6210347151624
63.6233205786446
63.6254528365564
63.6274336549538
63.6292654516648
63.6309508884442
63.6324928623276
63.6338944962473
63.6351591289697
63.6362903044124
63.6372917604011
63.6381674169247
63.6389213639473
63.6395578488378
63.6400812634771
63.6404961311008
63.6408070929406
63.6410188947202
63.6411363730672
63.6411644418965
63.6411080788236
63.6409723116604
63.6407622050482
63.6404836479523
63.6401422656223
63.639743477854
63.6392925411949
63.6387945786987
63.6382546000836
63.6376775145488
63.6370681380299
63.636431196294
63.6357713249773
63.6350930674264
63.6344008710205
63.633699082497
63.6329919426893
63.6322835809883
63.6315780097686
63.6308791189581
63.630190670889
63.6295162955252
63.6288594861399
63.6282235954882
63.6276118325066
63.6270272595554
63.6264727902087
63.6259511875902
63.6254650632447
63.6250168765308
63.6246089345174
63.6242433923606
63.6239222541404
63.6236473741295
63.6234204584692
63.6232430672263
63.6231166168015
63.6230423826641
63.6230215023847
63.6230549789381
63.6231436842512
63.6232883629685
63.6234896364103
63.623748801475
63.6240667678445
63.6244441327173
63.6248812393998
63.625378223268
63.6259350478716
63.6265515333616
63.6272273789579
63.6279621808022
63.6287554462472
63.6296066054037
63.6305150205825
63.631479994126
63.632500775008
63.6335765644963
63.6347065210993
63.6358897649661
63.6371253818665
63.6384124268463
63.6397499276269
63.6411368878
63.642572289854
63.644055098057
63.6455842612141
63.6471587153095
63.6487773860417
63.6504391912549
63.6521430432683
63.6538878511055
63.6556725226217
63.6574959665296
63.6593570943229
63.661254822097
63.6631880722656
63.6651557751744
63.6671568706115
63.669190309215
63.6712550537791
63.6733500804603
63.6754743798852
63.677627746935
63.6798097227965
63.6820196655299
63.6842568044558
63.6865202818634
63.688809184808
63.6911225691831
63.6934594777891
63.6958189537512
63.6982000503489
63.7006018380902
63.7030234096788
63.7054638833808
63.7079224051844
63.7103981500559
63.7128903225262
63.715398156789
63.7179209164458
63.7204578940032
63.723008410201
63.7255718132288
63.7281474778749
63.7307348046397
63.7333332188352
63.7359421696878
63.7385611294547
63.7411895925616
63.7438270747655
63.7464731123468
63.749127261329
63.7517890967293
63.7544582118375
63.7571342175223
63.7598167415649
63.7625054280181
63.7651999365887
63.7678999420432
63.7706051336347
63.7733152145496
63.7760299013746
63.778749706326
63.7814748861359
63.784205510698
63.7869415157864
63.789682743313
63.7924289718596
63.7951799396463
63.7979353616362
63.8006949421141
63.8034583837878
63.8062253942332
63.8089956903218
63.8117690011302
63.8145450697162
63.8173236540601
63.8201045273997
63.8228874781337
63.8256723094267
63.8284588386149
63.8312468964888
63.8340363265053
63.8368269839724
63.8396187352322
63.8424114568643
63.8452050349205
63.8479993642022
63.8507943475819
63.8535898953743
63.8563859247542
63.8591823592223
63.8619791281165
63.8647761661654
63.8675734130825
63.8703708131973
63.8731683151205
63.8759658714407
63.8787634384497
63.8815609758938
63.8843584467485
63.887155817014
63.8899538323006
63.8927529752296
63.8955535337974
63.8983556539608
63.9011593798742
63.9039646844865
63.9067714926373
63.9095796983365
63.912389177551
63.9151997975379
63.9180114235349
63.9208239234447
63.9236371710034
63.9264510478174
63.9292654445633
63.9320802615767
63.9348954090038
63.9377108066474
63.9405263836057
63.943342077779
63.9461578352969
63.9489736099085
63.9517893623611
63.9546050597888
63.9574206751244
63.9602361865418
63.9630515769343
63.9658668334316
63.9686819469556
63.9714969118135
63.9743117253274
63.977126387498
63.9799409006997
63.9827552694042
63.9855694999309
63.9883836002206
63.9911975796304
63.9940114487478
63.9968252192216
63.9996389585206
64.002453437603
64.0052691628017
64.0080864445978
64.0109054504785
64.0137262453428
64.0165488221899
64.01937312525
64.0221990672581
64.0250265422062
64.0278554346225
64.0306856261971
64.0335170003941
64.0363494455463
64.0391828568193
64.0420171373402
64.0448521987209
64.0476879611494
64.0505243531809
64.0533613113299
64.0561987795347
64.0590367085525
64.0618750553208
64.0647137823172
64.0675528569343
64.0703922508841
64.0732319396397
64.0760719019196
64.078912119215
64.0817525753623
64.0845932561583
64.0874341490169
64.0902752426643
64.0931165268704
64.0959579922133
64.0987996298739
64.1016414314584
64.1044833888445
64.1073254940513
64.1101677391275
64.1130101160583
64.1158533821277
64.1186980328563
64.1215443693451
64.1243925501126
64.1272426307887
64.1300945943292
64.1329483738502
64.1358038697377
64.1386609623332
64.1415195212177
64.1443794118922
64.1472405004788
64.1501026569276
64.1529657571064
64.1558296840628
64.158694328683
64.1615595899175
64.1644253747036
64.1672915976828
64.1701581807858
64.1730250527387
64.1758921485312
64.1787594088729
64.1816267796585
64.1844942114556
64.1873616590213
64.1902290808552
64.193096438789
64.1959636976147
64.198830824749
64.201697789934
64.2045645649708
64.2074311234841
64.2102974407147
64.2131634933381
64.2160292593057
64.2188947177067
64.2217598486485
64.2246246331528
64.2274890530661
64.2303538510338
64.2332195107057
64.2360863235805
64.2389544404566
64.2418239108281
64.2446947128682
64.2475667760851
64.2504399982926
64.2533142581887
64.2561894245533
64.2590653628616
64.2619419399298
64.2648190270769
64.2676965021755
64.27057425088
64.2734521672553
64.2763301539741
64.2792081222135
64.282085991346
64.2849636885
64.2878411480416
64.2907183110175
64.2935951245874
64.2964715414645
64.2993475193785
64.3022230205687
64.3050980113118
64.3079724614875
64.3108463441832
64.3137196353341
64.3165923134013
64.319464359082
64.3223357550519
64.3252064857359
64.3280765371055
64.3309458964994
64.3338145524655
64.3366824946218
64.3395497135346
64.3424162006111
64.3452827027268
64.3481497096047
61.1315042390893
61.1589906577603
61.1934997093549
61.2320572599781
61.2725078449254
61.3133195590304
61.3534322664442
61.3921398949877
61.4289995002373
61.4637613115152
61.4963151856687
61.5266498585603
61.5548221493004
61.5809338789587
61.6051147460936
61.6275097817351
61.648270307002
61.6675475537298
61.6854882953873
61.702231982594
61.7179089929802
61.7326396955758
61.7465341005949
61.7596919205806
61.7722029116845
61.7841473970102
61.795596899518
61.8066148316176
61.8172572035662
61.827573324162
61.8376064757879
61.8473945522545
61.8569706526038
61.8663636274695
61.8755985770385
61.8846973013659
61.8936787049447
61.902559158161
61.9113528186941
61.9200719161196
61.9287270030195
61.9373280110457
61.9458833225863
61.9544000144811
61.9628840630193
61.9713405164404
61.9797736401453
61.9881870389827
61.9965837602671
62.0049663805949
62.0133370790328
62.0216976988369
62.0300497995175
62.0383947007723
62.0467335195701
62.0550672014605
62.063396547017
62.0717222341754
62.0800448371095
62.0883648421843
62.0966826614433
62.1049986440131
62.1133130857482
62.121626237391
62.1299383114757
62.1382494881702
62.1465599202219
62.1548697371438
62.1631790487595
62.171487948205
62.1797965144711
62.1881048145577
62.1964129052977
62.204720834904
62.2130286442794
62.221336368127
62.2296440358922
62.2379516725599
62.2462592993316
62.2545669341993
62.2628745924314
62.2711831163598
62.279493061621
62.2878047711512
62.2961184320937
62.3044341193385
62.3127518286334
62.3210715015826
62.3293930443593
62.3377163415638
62.3460412663515
62.3543676877097
62.3626954755677
62.3710245042739
62.379354654851
62.3876858163493
62.3960178865416
62.4043507721467
62.4126843887225
62.4210186603375
62.4293535190975
62.4376889045886
62.4460247632779
62.4543610479032
62.4626977168726
62.4710347336884
62.4793720664037
62.487709687119
62.4960475715183
62.504385698448
62.5127240495358
62.5210626088494
62.529401362591
62.5377402988263
62.5460794072446
